import numpy as np

A = np.array([[ 0.7302560710008486, 0.11188723348377394, -6.592021716657104, 8.042781326400146, 2.788326020264842, 14.242980690632749, 22.1772711500155, -21.764066710542092, 8.89271692192214, -22.23818944800199, 4.744977052078607, 0.12367035830926021, -41.099408442522396, 27.149102210200162, -4.142488864751487, -4.848594837393037, 3.6155970577418657, 10.35888549721486, 13.861778110045924, -23.249678068081998, 27.658991254296332, 29.51010287533942, 8.486761307345963, -20.11094800337007, 14.227938547756157],
[ 34.02030644269619, -5.392793705179254, -1.9815912123337327, 13.398201496987028, 20.651443364423393, -8.369561212118745, -6.177970127220448, -19.71448076386723, -24.51018166297458, -37.45287263414555, 4.777043856150392, 15.141179174454168, 21.974871194430847, 24.878803819339602, -20.65107364599926, 39.995110717296996, 35.50465679232937, -8.292448747588992, -8.609864246275453, -15.998142551641175, -25.6633365968774, -4.295382679542431, -18.662223974293333, 18.505229362558573, -31.44081956986173],
[ 5.37830956936058, -14.186721045286415, -12.502904020704921, -14.297018587946713, 20.68564836204305, 3.0098462915425745, 15.975980180515492, 22.200401052635513, 21.44364934018008, -26.363580411581886, -16.11091921761978, 13.137893639998936, -23.51301802216577, -4.226881358561691, -6.006547833355228, -7.446509205447858, 21.31109433063274, 15.012102057159003, -16.633593431762463, 47.54692416180408, 13.235822935575536, -9.749801412513047, 16.697188522428977, 35.109373447019834, -26.893396926881852],
[ -26.475277563815958, 4.998470795329371, -7.320206891019875, -24.668036342158167, 16.69297382208554, 13.468460274972887, -17.271822515919578, 15.056196711153953, 11.674294660719564, -14.440788443235917, -7.219273483678648, 1.7451442246726208, 12.05790870774154, -19.901842965059302, 10.226736831469394, -64.53322586751794, 1.2181045962120134, -29.468643523363028, -16.23959944452152, -14.999847374763629, 10.883982868164841, -17.300724696487904, -1.5827094327770244, 22.287208255682323, -18.485622451339452],
[ -9.04930900161286, -15.934273592289763, 24.07800673039985, 7.00775935551542, 0.24836341061532785, 16.555467328209797, 16.304317853652183, -50.17932097991834, -3.8855066979399187, 39.58131137216553, -6.509197910053838, 7.439311330481447, -23.95171496828803, 22.876945149482616, -2.8028182441321423, -19.46892662779619, 5.644260187527502, -35.97534273172091, 8.317567299592325, 28.353509612530278, -31.822241466616184, -47.64739713473346, 32.05668239546048, 7.1372683990442285, -31.813691938414983],
[ 42.302238367070274, 26.939905524354504, 21.401767774860343, 23.919234277259704, 18.4367498756433, -7.466697733864239, 17.639492629959612, 15.478619695829508, 27.16088924608266, 31.657716903495455, 19.804028815576544, 12.383477355410353, -2.633794276013031, -26.022377210437377, 3.8591900518128543, 20.944266237782603, 9.508899179806004, -24.105390768971326, 19.940745082196152, 2.2463935444230607, -25.612268866467964, -11.247341762547254, 22.725901891061195, 10.096663750069972, -26.32987414916184]])

x = np.array([ 4.735074512289696, 1.8856756758220632, 20.295582330466903, 18.06084313184242, -3.540684622226605, 15.51170765196704, 0.7365946209910419, 15.254408145859289, 39.95568459070577, 14.540362132875753, 13.503399138285358, 4.098480643771802, -16.968425362418007, -26.147262136771204, 6.93014147962351, 7.878154967153436, -14.07961165024581, -4.117724304748075, 1.7631786510366272, 0.21139609795934255, 36.44690635882133, -0.17642115791687996, -6.411089543000424, -6.099380836888234, 12.78991511764993])

print(A @ x)
