[10,
9.371811379420594,
8.875298622037981,
8.875298622037981,
9.413188493680384,
9.413188493680384,
10.005260023166363,
10.005260023166363,
10.62924298508378,
11.464006184635922,
11.464006184635922,
11.464006184635922,
11.464006184635922,
11.887537216409891,
11.136357062824521,
11.136357062824521,
11.057236630582612,
11.057236630582612,
10.798318071238844,
10.798318071238844,
10.063193063599943,
10.063193063599943,
10.796002894317288,
10.43359762177321,
10.43359762177321,
10.43359762177321,
10.43359762177321,
10.394463477531714,
10.600431329399168,
10.400426591397789,
10.400426591397789,
10.771488728209894,
10.771488728209894,
11.577428139463887,
12.111630742901735,
12.111630742901735,
12.111630742901735,
11.866406250515109,
12.271076219242298,
12.89479859610239,
12.856672009243878,
13.286290696282679,
12.96551346165231,
12.639422476641586,
12.455528414123775,
12.329913288075115,
12.695004069851635,
13.561852105032148,
14.061248398716605,
14.061248398716605,
13.648903814339857,
13.055503739700121,
13.055503739700121,
13.880262477461535,
13.071931815648279,
13.675560912985013,
13.749740729848668,
13.717702822891262,
13.90157793563202,
13.90157793563202,
13.90157793563202,
13.90157793563202,
13.147497519777575,
13.147497519777575,
12.575565131897557,
12.707883909724249,
12.882675782526304,
13.701097368923673,
13.701097368923673,
14.630008125430347,
13.676289173463838,
13.148556398889397,
13.153805401097026,
12.395273542254046,
11.824495878620004,
11.518982735863297,
12.062092410196717,
12.476569666258783,
12.383819715681016,
12.383819715681016,
12.493781195029124,
11.603802562792879,
11.95629293894893,
12.473014374446954,
12.473014374446954,
12.452996449041787,
11.677758550423894,
11.228792060302096,
11.228792060302096,
12.003606594060193,
12.003606594060193,
11.123108018696819,
10.295494633158782,
10.295494633158782,
10.295494633158782,
11.151995486321882,
10.854998525756114,
11.25897818776794,
11.949393024607282,
11.902840036110444]
