#[class level (e.g. 1=freshmen, 2=sophmore, 3=junior, 4=senior), GPA, # of students, course evalulations]
[[1,	2.54,	42, 	3.5],
[1,	2.85,	33, 	4.4],
[1,	2.92,	45, 	4.7],
[1,	2.98,	36,	4.3],
[1,	3.22,	6,	4.2],
[1,	2.38,	33,	4.4],
[1,	2.41,	26, 	4.6],
[1,	2.57,	42,	4.4],
[1,	2.89,	10, 	4.4],
[1,	2.55,	42,	4.7],
[1,	2.47,	42,	4.3],
[1,	3.14,	50,	4.4],
[1,	2.73,	39,	4.3],
[1,	2.84,	46,	3.8],
[1,	2.99,	14,	4.4],
[2,	2.75,	33,	4.2],
[1,	3.11,	15,	4.6],
[1,	3.19,	12,	4.2],
[1,	2.62,	43,	4.1],
[1,	3.25,	42,	4.4],
[2,	2.9,	25,	4.1],
[4,	2.3,	9,	4.5],
[1,	2.26,	46,	4.4],
[2,	2.78,	30,	4.3],
[3,	3.04,	12,	4.6],
[1,	2.34,	19,	4.5],
[1,	3.38,	30,	4.3],
[1,	1.93,	42,	4.5],
[1,	2.82,	37,	4.4],
[4,	2.95,	14,	4.5],
[1,	2.77,	41,	4.4],
[1,	3.4,	45,	4.4],
[3,	3.38,	8,	4.6],
[4,	2.24,	7,	5],
[1,	2.64,	22,	4.6],
[1,	2.78,	5,	4.6],
[1,	2.58,	44,	4],
[1,	2.56,	42,	4.3],
[2,	2.97,	30,	4.4],
[2,	3.63,	20,	4.5],
[1,	2.63,	37,	4.3],
[1,	2.94,	45,	4.4],
[3,	2.96,	9,	4.9],
[4,	3.83,	6,	4.8]]
